0 158 Sumatera IDKAB
1101 1210       0.0041984743
1101 1216      0.00431573115
1101 1211      0.00406887059
1101 1107      0.00501492083
1101 1106      0.00427163619
1101 1278      0.00457640176
1101 1225      0.00422370852
1101 1224      0.00541912316
1101 1175      0.00502464562
1101 1104      0.00522049728
1101 1102      0.00676437457
1101 1103      0.00654191257
1101 1113      0.00464267098
1101 1112      0.00665991018
1101 1115      0.00599148058
1102 1288      0.00630734059
1102 1277      0.00437760579
1102 1276      0.00524932686
1102 1275      0.00483442895
1102 1271       0.0062097085
1102 1212      0.00468429338
1102 1205      0.00508956884
1102 1203      0.00455873394
1102 1217      0.00657623519
1102 1210      0.00841078542
1102 1216       0.0103394477
1102 1215      0.00763703484
1102 1204      0.00588720124
1102 1211      0.00720456831
1102 1213      0.00448675551
1102 1206      0.00475095719
1102 1274      0.00439941148
1102 1209      0.00488750185
1102 1273      0.00502164429
1102 1218      0.00435778201
1102 1278      0.00933118458
1102 1225      0.00690159247
1102 1224       0.0104369348
1102 1175       0.0129347275
1102 1201       0.0072699964
1102 1104       0.0079811914
1102 1103      0.00948924933
1102 1113      0.00498662722
1102 1101      0.00676437457
1102 1112      0.00533997226
1102 1115      0.00437463039
1103 1288      0.00590406391
1103 1276      0.00784948767
1103 1275      0.00674558101
1103 1271      0.00449558677
1103 1212      0.00642021121
1103 1205      0.00420082479
1103 1217      0.00607431411
1103 1210      0.00973915061
1103 1216      0.00863656565
1103 1215      0.00599398102
1103 1204      0.00428228008
1103 1211      0.00998351718
1103 1213      0.00724655001
1103 1219      0.00426633598
1103 1206      0.00439929589
1103 1274      0.00513035965
1103 1209      0.00529610095
1103 1273      0.00537676874
1103 1218      0.00530435073
1103 1174      0.00442056553
1103 1173      0.00605662527
1103 1107      0.00519531539
1103 1106      0.00583326096
1103 1117      0.00539272311
1103 1110      0.00419819639
1103 1111      0.00457586195
1103 1105      0.00547801116
1103 1114      0.00645046338
1103 1278      0.00471971734
1103 1224       0.0049967463
1103 1175       0.0125196789
1103 1201      0.00414268997
1103 1104       0.0258433203
1103 1102      0.00948924933
1103 1113       0.0104840029
1103 1101      0.00654191257
1103 1112       0.0104306615
1103 1115      0.00710996745
1104 1288      0.00687288181
1104 1276       0.0112651064
1104 1275      0.00911645019
1104 1271       0.0047099355
1104 1212      0.00853234689
1104 1205      0.00454727518
1104 1217      0.00705574049
1104 1210        0.012707367
1104 1216      0.00974993185
1104 1215      0.00659464035
1104 1204      0.00447003353
1104 1211       0.0146677205
1104 1213      0.00976076968
1104 1272      0.00427923417
1104 1208      0.00436685372
1104 1223      0.00410666917
1104 1219      0.00502902619
1104 1206      0.00495535606
1104 1274      0.00629892246
1104 1209      0.00639983305
1104 1273      0.00648580756
1104 1218      0.00661421266
1104 1174      0.00456273861
1104 1173      0.00721939318
1104 1107      0.00476990304
1104 1106      0.00572254001
1104 1117      0.00539188571
1104 1110      0.00419828406
1104 1111      0.00476481248
1104 1105      0.00613826456
1104 1114      0.00800404002
1104 1278      0.00441178958
1104 1224      0.00452655686
1104 1175       0.0137264443
1104 1102       0.0079811914
1104 1103       0.0258433203
1104 1113       0.0118239346
1104 1101      0.00522049728
1104 1112      0.00866705505
1104 1115      0.00628943494
1105 1276      0.00643089511
1105 1275      0.00609941833
1105 1212      0.00600776931
1105 1210      0.00455192586
1105 1211      0.00513267348
1105 1213        0.009657282
1105 1274      0.00445829165
1105 1209      0.00404389944
1105 1218      0.00483572479
1105 1174       0.0118274438
1105 1173       0.0238243385
1105 1118      0.00561923037
1105 1107      0.00556763359
1105 1116      0.00406779474
1105 1109      0.00467619766
1105 1106      0.00951205923
1105 1117       0.0105177746
1105 1110      0.00798464061
1105 1111       0.0139019528
1105 1114       0.0155448814
1105 1175      0.00429989038
1105 1104      0.00613826456
1105 1103      0.00547801116
1105 1113        0.011219851
1105 1112      0.00655938842
1105 1115      0.00626551014
1106 1276      0.00463138129
1106 1275      0.00431292759
1106 1212      0.00422028087
1106 1211      0.00428682242
1106 1213      0.00566249148
1106 1174       0.0137938121
1106 1173      0.00744511736
1106 1172       0.0045524238
1106 1171      0.00506133809
1106 1118       0.0105918774
1106 1107       0.0133719524
1106 1116      0.00679190052
1106 1108      0.00496262787
1106 1109      0.00769082595
1106 1117       0.0508509934
1106 1110       0.0147734556
1106 1111       0.0137629641
1106 1105      0.00951205923
1106 1114      0.00668333882
1106 1175      0.00407003561
1106 1104      0.00572254001
1106 1103      0.00583326096
1106 1113       0.0104451805
1106 1101      0.00427163619
1106 1112       0.0110774105
1106 1115       0.0144269261
1107 1213      0.00417388511
1107 1174      0.00738462797
1107 1173      0.00485956847
1107 1172      0.00528556202
1107 1171      0.00625308363
1107 1118       0.0114865597
1107 1116       0.0106266281
1107 1108      0.00614961503
1107 1109      0.00925243598
1107 1106       0.0133719524
1107 1117       0.0112112905
1107 1110      0.00939537622
1107 1111      0.00713806306
1107 1105      0.00556763359
1107 1114      0.00457768681
1107 1104      0.00476990304
1107 1103      0.00519531539
1107 1113      0.00672773952
1107 1101      0.00501492083
1107 1112       0.0103498951
1107 1115       0.0192901212
1108 1174      0.00481521903
1108 1172       0.0299721434
1108 1171        0.207212263
1108 1118      0.00903764311
1108 1107      0.00614961503
1108 1116       0.0138883827
1108 1109       0.0134624118
1108 1106      0.00496262787
1108 1117      0.00499690346
1108 1110      0.00611354101
1108 1111      0.00455297547
1108 1115      0.00466773552
1109 1174      0.00743797786
1109 1172       0.0111546083
1109 1171       0.0143171795
1109 1118       0.0273045317
1109 1107      0.00925243598
1109 1116       0.0173402129
1109 1108       0.0134624118
1109 1106      0.00769082595
1109 1117      0.00789147777
1109 1110       0.0111305931
1109 1111        0.006844089
1109 1105      0.00467619766
1109 1113      0.00443088828
1109 1112      0.00504853633
1109 1115      0.00641909193
1110 1213      0.00454154875
1110 1174       0.0222842189
1110 1173      0.00605620842
1110 1172       0.0057726301
1110 1171      0.00629047543
1110 1118       0.0178319685
1110 1107      0.00939537622
1110 1116      0.00760282946
1110 1108      0.00611354101
1110 1109       0.0111305931
1110 1106       0.0147734556
1110 1117       0.0188782864
1110 1111       0.0177677562
1110 1105      0.00798464061
1110 1114      0.00539075937
1110 1104      0.00419828406
1110 1103      0.00419819639
1110 1113      0.00644841576
1110 1112      0.00636767835
1110 1115      0.00780521343
1111 1276      0.00449628929
1111 1275      0.00428940029
1111 1212      0.00423214364
1111 1213      0.00579018992
1111 1174       0.0791983974
1111 1173       0.0088106782
1111 1172       0.0043915308
1111 1171      0.00465121708
1111 1118      0.00893335655
1111 1107      0.00713806306
1111 1116      0.00539023718
1111 1108      0.00455297547
1111 1109        0.006844089
1111 1106       0.0137629641
1111 1117        0.018682253
1111 1110       0.0177677562
1111 1105       0.0139019528
1111 1114      0.00739547917
1111 1104      0.00476481248
1111 1103      0.00457586195
1111 1113      0.00796000852
1111 1112      0.00642503551
1111 1115      0.00705204745
1112 1276      0.00533189644
1112 1275      0.00481431668
1112 1212      0.00466118888
1112 1210       0.0051759009
1112 1216      0.00473776551
1112 1211      0.00546184827
1112 1213      0.00591056696
1112 1174        0.006286669
1112 1173      0.00629703518
1112 1118       0.0059365384
1112 1107       0.0103498951
1112 1116       0.0052449425
1112 1109      0.00504853633
1112 1106       0.0110774105
1112 1117      0.00920572365
1112 1110      0.00636767835
1112 1111      0.00642503551
1112 1105      0.00655938842
1112 1114      0.00616817787
1112 1175      0.00569323892
1112 1104      0.00866705505
1112 1102      0.00533997226
1112 1103       0.0104306615
1112 1113       0.0127285379
1112 1101      0.00665991018
1112 1115       0.0223164337
1113 1288      0.00455627503
1113 1276      0.00814676196
1113 1275      0.00711423044
1113 1212      0.00682648129
1113 1217      0.00460856303
1113 1210      0.00636910805
1113 1216       0.0053834328
1113 1215      0.00429631443
1113 1211      0.00725529235
1113 1213        0.010732315
1113 1219      0.00411718885
1113 1274      0.00492524967
1113 1209      0.00467588046
1113 1273      0.00467404229
1113 1218       0.0052837525
1113 1174      0.00742675464
1113 1173       0.0120411469
1113 1118      0.00525942397
1113 1107      0.00672773952
1113 1116      0.00421833986
1113 1109      0.00443088828
1113 1106       0.0104451805
1113 1117      0.00968962602
1113 1110      0.00644841576
1113 1111      0.00796000852
1113 1105        0.011219851
1113 1114       0.0119381379
1113 1175      0.00635221665
1113 1104       0.0118239346
1113 1102      0.00498662722
1113 1103       0.0104840029
1113 1101      0.00464267098
1113 1112       0.0127285379
1113 1115      0.00936360845
1114 1288      0.00475204744
1114 1276       0.0107015429
1114 1275        0.010000707
1114 1212       0.0097837899
1114 1217      0.00475216163
1114 1210      0.00604981297
1114 1216      0.00496806323
1114 1215      0.00421792496
1114 1211      0.00719844267
1114 1213       0.0248103074
1114 1272      0.00416429987
1114 1208      0.00421341657
1114 1219      0.00514074336
1114 1274      0.00625057789
1114 1209      0.00545263902
1114 1273      0.00537627101
1114 1218      0.00701528129
1114 1174      0.00677060845
1114 1173       0.0441051106
1114 1118      0.00425923086
1114 1107      0.00457768681
1114 1106      0.00668333882
1114 1117       0.0068456499
1114 1110      0.00539075937
1114 1111      0.00739547917
1114 1105       0.0155448814
1114 1175       0.0053789397
1114 1104      0.00800404002
1114 1103      0.00645046338
1114 1113       0.0119381379
1114 1112      0.00616817787
1114 1115      0.00540218361
1115 1276      0.00443635119
1115 1275      0.00408617634
1115 1210      0.00421354206
1115 1211      0.00442513899
1115 1213      0.00500147206
1115 1174      0.00705673108
1115 1173      0.00566025349
1115 1172      0.00416571749
1115 1171      0.00472962977
1115 1118      0.00776883485
1115 1107       0.0192901212
1115 1116       0.0068563627
1115 1108      0.00466773552
1115 1109      0.00641909193
1115 1106       0.0144269261
1115 1117       0.0112484502
1115 1110      0.00780521343
1115 1111      0.00705204745
1115 1105      0.00626551014
1115 1114      0.00540218361
1115 1175      0.00453613083
1115 1104      0.00628943494
1115 1102      0.00437463039
1115 1103      0.00710996745
1115 1113      0.00936360845
1115 1101      0.00599148058
1115 1112       0.0223164337
1116 1174      0.00569825978
1116 1172      0.00972473343
1116 1171       0.0142028348
1116 1118       0.0130171498
1116 1107       0.0106266281
1116 1108       0.0138883827
1116 1109       0.0173402129
1116 1106      0.00679190052
1116 1117      0.00659851611
1116 1110      0.00760282946
1116 1111      0.00539023718
1116 1105      0.00406779474
1116 1113      0.00421833986
1116 1112       0.0052449425
1116 1115       0.0068563627
1117 1276      0.00456238714
1117 1275      0.00427589644
1117 1212       0.0041931939
1117 1211      0.00415213741
1117 1213      0.00566642551
1117 1174        0.018925138
1117 1173      0.00777455617
1117 1172      0.00463828496
1117 1171      0.00510367789
1117 1118       0.0110918355
1117 1107       0.0112112905
1117 1116      0.00659851611
1117 1108      0.00499690346
1117 1109      0.00789147777
1117 1106       0.0508509934
1117 1110       0.0188782864
1117 1111        0.018682253
1117 1105       0.0105177746
1117 1114       0.0068456499
1117 1104      0.00539188571
1117 1103      0.00539272311
1117 1113      0.00968962602
1117 1112      0.00920572365
1117 1115       0.0112484502
1118 1174      0.00991074103
1118 1173      0.00463318966
1118 1172      0.00795904599
1118 1171      0.00940714025
1118 1107       0.0114865597
1118 1116       0.0130171498
1118 1108      0.00903764311
1118 1109       0.0273045317
1118 1106       0.0105918774
1118 1117       0.0110918355
1118 1110       0.0178319685
1118 1111      0.00893335655
1118 1105      0.00561923037
1118 1114      0.00425923086
1118 1113      0.00525942397
1118 1112       0.0059365384
1118 1115      0.00776883485
1171 1174      0.00492583223
1171 1172       0.0301130204
1171 1118      0.00940714025
1171 1107      0.00625308363
1171 1116       0.0142028348
1171 1108        0.207212263
1171 1109       0.0143171795
1171 1106      0.00506133809
1171 1117      0.00510367789
1171 1110      0.00629047543
1171 1111      0.00465121708
1171 1115      0.00472962977
1172 1174      0.00464509199
1172 1171       0.0301130204
1172 1118      0.00795904599
1172 1107      0.00528556202
1172 1116      0.00972473343
1172 1108       0.0299721434
1172 1109       0.0111546083
1172 1106       0.0045524238
1172 1117      0.00463828496
1172 1110       0.0057726301
1172 1111       0.0043915308
1172 1115      0.00416571749
1173 1288       0.0043022104
1173 1276      0.00864215622
1173 1275      0.00815222134
1173 1212      0.00801024313
1173 1217      0.00430546428
1173 1210        0.005397715
1173 1216      0.00452943183
1173 1211      0.00627722392
1173 1213       0.0159261703
1173 1219      0.00462110083
1173 1274      0.00548228022
1173 1209      0.00485270752
1173 1273      0.00479238853
1173 1218      0.00606628519
1173 1174      0.00793273358
1173 1118      0.00463318966
1173 1107      0.00485956847
1173 1106      0.00744511736
1173 1117      0.00777455617
1173 1110      0.00605620842
1173 1111       0.0088106782
1173 1105       0.0238243385
1173 1114       0.0441051106
1173 1175      0.00491957718
1173 1104      0.00721939318
1173 1103      0.00605662527
1173 1113       0.0120411469
1173 1112      0.00629703518
1173 1115      0.00566025349
1174 1276       0.0042682052
1174 1275      0.00407643984
1174 1213      0.00540696486
1174 1173      0.00793273358
1174 1172      0.00464509199
1174 1171      0.00492583223
1174 1118      0.00991074103
1174 1107      0.00738462797
1174 1116      0.00569825978
1174 1108      0.00481521903
1174 1109      0.00743797786
1174 1106       0.0137938121
1174 1117        0.018925138
1174 1110       0.0222842189
1174 1111       0.0791983974
1174 1105       0.0118274438
1174 1114      0.00677060845
1174 1104      0.00456273861
1174 1103      0.00442056553
1174 1113      0.00742675464
1174 1112        0.006286669
1174 1115      0.00705673108
1175 1288        0.010277571
1175 1277      0.00475158385
1175 1276      0.00868857338
1175 1275      0.00767973598
1175 1271      0.00699523213
1175 1212      0.00731876271
1175 1205      0.00628053948
1175 1203      0.00503910679
1175 1217       0.0109233359
1175 1210       0.0235487789
1175 1216       0.0271898053
1175 1215       0.0114283673
1175 1204      0.00648711007
1175 1211       0.0162006442
1175 1213      0.00650735084
1175 1207      0.00409098622
1175 1220      0.00423226104
1175 1272       0.0048006853
1175 1208      0.00492362574
1175 1223      0.00492847781
1175 1219      0.00538891535
1175 1206      0.00645153176
1175 1274      0.00659059518
1175 1209      0.00752739993
1175 1273      0.00780495848
1175 1218      0.00654996693
1175 1173      0.00491957718
1175 1106      0.00407003561
1175 1105      0.00429989038
1175 1114       0.0053789397
1175 1278      0.00617485051
1175 1225      0.00489836645
1175 1224      0.00608936185
1175 1201      0.00535399312
1175 1104       0.0137264443
1175 1102       0.0129347275
1175 1103       0.0125196789
1175 1113      0.00635221665
1175 1101      0.00502464562
1175 1112      0.00569323892
1175 1115      0.00453613083
1201 1288       0.0047637482
1201 1277      0.00562040934
1201 1271      0.00712017199
1201 1205      0.00522409732
1201 1203      0.00565027373
1201 1202      0.00560905407
1201 1217      0.00488574862
1201 1210      0.00467451639
1201 1216      0.00562492158
1201 1215      0.00592742952
1201 1204      0.00714258322
1201 1211      0.00415770609
1201 1312      0.00452101081
1201 1221      0.00428213543
1201 1220      0.00421153614
1201 1206       0.0042662156
1201 1278       0.0317446362
1201 1225       0.0304586733
1201 1224       0.0154600103
1201 1214      0.00793613094
1201 1175      0.00535399312
1201 1102       0.0072699964
1201 1103      0.00414268997
1202 1473      0.00405381842
1202 1471      0.00418367986
1202 1406      0.00453377166
1202 1373      0.00433288638
1202 1372      0.00423659459
1202 1388      0.00470427903
1202 1305      0.00493184853
1202 1376      0.00530790164
1202 1308      0.00552409645
1202 1409      0.00480955976
1202 1407      0.00933774703
1202 1377      0.00532855862
1202 1374      0.00523314495
1202 1371      0.00421787474
1202 1375      0.00576399231
1202 1306      0.00523210584
1202 1307      0.00612011634
1202 1309       0.0104074281
1202 1288      0.00503307432
1202 1277       0.0178492896
1202 1271      0.00887536951
1202 1205      0.00811000353
1202 1203       0.0144392759
1202 1217      0.00503758848
1202 1216      0.00449627788
1202 1215      0.00570322847
1202 1204      0.00987541799
1202 1312       0.0132651994
1202 1207      0.00498267363
1202 1222        0.008419059
1202 1221       0.0157118264
1202 1220       0.0101476244
1202 1272      0.00420772133
1202 1208      0.00425355334
1202 1223      0.00537074259
1202 1206      0.00577334962
1202 1209      0.00419270614
1202 1273      0.00428358704
1202 1278      0.00506573422
1202 1225      0.00480259379
1202 1224      0.00423968304
1202 1214      0.00678350606
1202 1201      0.00560905407
1203 1473      0.00429336419
1203 1376      0.00411081395
1203 1308      0.00426726273
1203 1409      0.00579196405
1203 1407      0.00825212992
1203 1375      0.00428107304
1203 1307       0.0044422197
1203 1309      0.00662722811
1203 1288      0.00762639831
1203 1277       0.0735477254
1203 1275      0.00407265097
1203 1271       0.0170658134
1203 1212      0.00406167586
1203 1205       0.0184875224
1203 1202       0.0144392759
1203 1217      0.00759800417
1203 1210      0.00530735383
1203 1216      0.00612208431
1203 1215      0.00883045142
1203 1204       0.0201733562
1203 1211      0.00477502973
1203 1312      0.00695791314
1203 1207      0.00677892133
1203 1222       0.0115754331
1203 1221       0.0134678392
1203 1220        0.016535236
1203 1272      0.00575361707
1203 1208      0.00585926759
1203 1223       0.0080454122
1203 1219      0.00503494628
1203 1206      0.00956285402
1203 1274      0.00489751236
1203 1209      0.00590819426
1203 1273      0.00609017807
1203 1218      0.00452640864
1203 1278      0.00538875914
1203 1225      0.00476753769
1203 1224      0.00451897339
1203 1214      0.00517487826
1203 1175      0.00503910679
1203 1201      0.00565027373
1203 1102      0.00455873394
1204 1409      0.00477124715
1204 1407      0.00585771675
1204 1309      0.00516937451
1204 1288       0.0095254346
1204 1277       0.0169771991
1204 1276      0.00454929876
1204 1275      0.00452458719
1204 1271       0.0874725313
1204 1212      0.00448324051
1204 1205       0.0189304822
1204 1203       0.0201733562
1204 1202      0.00987541799
1204 1217      0.00969174821
1204 1210      0.00662965113
1204 1216      0.00825438256
1204 1215       0.0133092101
1204 1211      0.00572580394
1204 1312      0.00569788358
1204 1207      0.00580525973
1204 1222      0.00768022924
1204 1221      0.00811585311
1204 1220      0.00951167813
1204 1272      0.00550920335
1204 1208      0.00563912438
1204 1223      0.00717090328
1204 1219      0.00512034836
1204 1206      0.00974677632
1204 1274      0.00524108213
1204 1209      0.00646493468
1204 1273       0.0067279386
1204 1218      0.00486825922
1204 1278      0.00699643429
1204 1225      0.00579493881
1204 1224      0.00566640184
1204 1214      0.00534290292
1204 1175      0.00648711007
1204 1201      0.00714258322
1204 1104      0.00447003353
1204 1102      0.00588720124
1204 1103      0.00428228008
1205 1473      0.00418553865
1205 1409      0.00609513806
1205 1407      0.00639374909
1205 1309      0.00497501449
1205 1288       0.0126188631
1205 1277       0.0148028536
1205 1276      0.00512143581
1205 1275      0.00521328237
1205 1271       0.0196120282
1205 1212      0.00520031609
1205 1203       0.0184875224
1205 1202      0.00811000353
1205 1217       0.0123764959
1205 1210      0.00706365678
1205 1216      0.00816052354
1205 1215       0.0139166206
1205 1204       0.0189304822
1205 1211      0.00625122338
1205 1312      0.00505745928
1205 1207      0.00827535811
1205 1222        0.010297999
1205 1221      0.00855804759
1205 1220       0.0129742614
1205 1272      0.00770923462
1205 1208      0.00795072743
1205 1223       0.0115397118
1205 1219      0.00675334566
1205 1206       0.0187905074
1205 1274      0.00664206722
1205 1209      0.00867143297
1205 1273      0.00907722587
1205 1218      0.00598621057
1205 1278      0.00523302085
1205 1225      0.00447242711
1205 1224       0.0045090168
1205 1214      0.00424567868
1205 1175      0.00628053948
1205 1201      0.00522409732
1205 1104      0.00454727518
1205 1102      0.00508956884
1205 1103      0.00420082479
1206 1473      0.00429693102
1206 1409      0.00672064643
1206 1407      0.00544558602
1206 1309      0.00413882076
1206 1288       0.0171876887
1206 1277      0.00852495042
1206 1276      0.00632928262
1206 1275      0.00665148509
1206 1271       0.0102708005
1206 1212      0.00669409162
1206 1205       0.0187905074
1206 1203      0.00956285402
1206 1202      0.00577334962
1206 1217       0.0157369724
1206 1210      0.00801346934
1206 1216      0.00833145879
1206 1215       0.0124426554
1206 1204      0.00974677632
1206 1211      0.00739355335
1206 1213      0.00476510616
1206 1312      0.00406912098
1206 1207       0.0109328992
1206 1222      0.00891266239
1206 1221      0.00650297474
1206 1220      0.00972242163
1206 1272        0.012520434
1206 1208       0.0132682167
1206 1223       0.0200143454
1206 1219       0.0105386622
1206 1274      0.00990507213
1206 1209       0.0146687826
1206 1273       0.0155187203
1206 1218      0.00844072551
1206 1278      0.00436812643
1206 1175      0.00645153176
1206 1201       0.0042662156
1206 1104      0.00495535606
1206 1102      0.00475095719
1206 1103      0.00439929589
1207 1473      0.00665385158
1207 1408      0.00423340463
1207 1409       0.0157551244
1207 1407      0.00637236413
1207 1309      0.00426758651
1207 1288       0.0067908852
1207 1277       0.0064595896
1207 1276      0.00454148579
1207 1275      0.00486278622
1207 1271      0.00582184441
1207 1212      0.00495813926
1207 1205      0.00827535811
1207 1203      0.00677892133
1207 1202      0.00498267363
1207 1217      0.00652519915
1207 1210      0.00475768083
1207 1216      0.00474763766
1207 1215      0.00583506077
1207 1204      0.00580525973
1207 1211      0.00466185565
1207 1222        0.011236204
1207 1221       0.0065448064
1207 1220      0.00973639089
1207 1272       0.0156502433
1207 1208       0.0152080772
1207 1223       0.0239594436
1207 1219      0.00912366106
1207 1206       0.0109328992
1207 1274      0.00700128632
1207 1209      0.00778623521
1207 1273      0.00773547681
1207 1218      0.00625180504
1207 1175      0.00409098622
1208 1473      0.00470134782
1208 1409      0.00787560151
1208 1407       0.0046614109
1208 1288      0.00890736067
1208 1277      0.00550481998
1208 1276      0.00631552671
1208 1275      0.00703292719
1208 1271      0.00579273332
1208 1212      0.00726512728
1208 1205      0.00795072743
1208 1203      0.00585926759
1208 1202      0.00425355334
1208 1217      0.00841935217
1208 1210      0.00610341789
1208 1216      0.00574424388
1208 1215      0.00676609711
1208 1204      0.00563912438
1208 1211      0.00617643698
1208 1213      0.00498036084
1208 1207       0.0152080772
1208 1222      0.00707845427
1208 1221      0.00500460905
1208 1220      0.00686512102
1208 1272        0.189826496
1208 1223       0.0198876863
1208 1219       0.0227895935
1208 1206       0.0132682167
1208 1274       0.0126926252
1208 1209       0.0136662311
1208 1273       0.0130934687
1208 1218       0.0105166742
1208 1114      0.00421341657
1208 1175      0.00492362574
1208 1104      0.00436685372
1209 1409      0.00521188036
1209 1288       0.0175958071
1209 1277      0.00547787287
1209 1276       0.0106337463
1209 1275       0.0119897055
1209 1271      0.00684575895
1209 1212       0.0122342757
1209 1205      0.00867143297
1209 1203      0.00590819426
1209 1202      0.00419270614
1209 1217       0.0160793058
1209 1210       0.0108773305
1209 1216      0.00924091195
1209 1215       0.0101985503
1209 1204      0.00646493468
1209 1211       0.0112638577
1209 1213      0.00695639581
1209 1207      0.00778623521
1209 1222      0.00565272255
1209 1221      0.00450600316
1209 1220      0.00586971264
1209 1272       0.0128085403
1209 1208       0.0136662311
1209 1223       0.0107743388
1209 1219       0.0184156939
1209 1206       0.0146687826
1209 1274       0.0276845342
1209 1273        0.153200308
1209 1218       0.0193231758
1209 1173      0.00485270752
1209 1105      0.00404389944
1209 1114      0.00545263902
1209 1175      0.00752739993
1209 1104      0.00639983305
1209 1102      0.00488750185
1209 1103      0.00529610095
1209 1113      0.00467588046
1210 1288       0.0148575375
1210 1277      0.00496318544
1210 1276       0.0122434634
1210 1275       0.0107436943
1210 1271      0.00717112867
1210 1212       0.0101297865
1210 1205      0.00706365678
1210 1203      0.00530735383
1210 1217       0.0158295187
1210 1216       0.0272507624
1210 1215       0.0131416104
1210 1204      0.00662965113
1210 1211       0.0370630215
1210 1213      0.00778683977
1210 1207      0.00475768083
1210 1222      0.00430601497
1210 1220      0.00461596773
1210 1272      0.00591885272
1210 1208      0.00610341789
1210 1223       0.0059002716
1210 1219      0.00696136868
1210 1206      0.00801346934
1210 1274      0.00915182807
1210 1209       0.0108773305
1210 1273       0.0113959908
1210 1218       0.0090431174
1210 1173        0.005397715
1210 1105      0.00455192586
1210 1114      0.00604981297
1210 1278      0.00519131525
1210 1225      0.00425154786
1210 1224      0.00498918742
1210 1175       0.0235487789
1210 1201      0.00467451639
1210 1104        0.012707367
1210 1102      0.00841078542
1210 1103      0.00973915061
1210 1113      0.00636910805
1210 1101       0.0041984743
1210 1112       0.0051759009
1210 1115      0.00421354206
1211 1288       0.0122468433
1211 1277      0.00448929454
1211 1276       0.0180994283
1211 1275       0.0145708854
1211 1271       0.0061209014
1211 1212       0.0133454123
1211 1205      0.00625122338
1211 1203      0.00477502973
1211 1217       0.0126190827
1211 1210       0.0370630215
1211 1216       0.0157051617
1211 1215       0.0100488221
1211 1204      0.00572580394
1211 1213      0.00984669008
1211 1207      0.00466185565
1211 1222      0.00406340167
1211 1220      0.00429949868
1211 1272      0.00599740572
1211 1208      0.00617643698
1211 1223      0.00569900094
1211 1219      0.00739609645
1211 1206      0.00739355335
1211 1274       0.0103005885
1211 1209       0.0112638577
1211 1273       0.0115889434
1211 1218       0.0106021234
1211 1173      0.00627722392
1211 1106      0.00428682242
1211 1117      0.00415213741
1211 1105      0.00513267348
1211 1114      0.00719844267
1211 1278      0.00457485811
1211 1224       0.0044517745
1211 1175       0.0162006442
1211 1201      0.00415770609
1211 1104       0.0146677205
1211 1102      0.00720456831
1211 1103      0.00998351718
1211 1113      0.00725529235
1211 1101      0.00406887059
1211 1112      0.00546184827
1211 1115      0.00442513899
1212 1288      0.00846504872
1212 1276        0.035014776
1212 1275        0.133100732
1212 1271      0.00469861588
1212 1205      0.00520031609
1212 1203      0.00406167586
1212 1217      0.00833398222
1212 1210       0.0101297865
1212 1216      0.00750263063
1212 1215      0.00654527081
1212 1204      0.00448324051
1212 1211       0.0133454123
1212 1213       0.0157171245
1212 1207      0.00495813926
1212 1272      0.00709227469
1212 1208      0.00726512728
1212 1223       0.0058366548
1212 1219       0.0103020405
1212 1206      0.00669409162
1212 1274       0.0169634832
1212 1209       0.0122342757
1212 1273       0.0117711069
1212 1218       0.0231612323
1212 1173      0.00801024313
1212 1106      0.00422028087
1212 1117       0.0041931939
1212 1111      0.00423214364
1212 1105      0.00600776931
1212 1114       0.0097837899
1212 1175      0.00731876271
1212 1104      0.00853234689
1212 1102      0.00468429338
1212 1103      0.00642021121
1212 1113      0.00682648129
1212 1112      0.00466118888
1213 1288      0.00587013887
1213 1276       0.0187879686
1213 1275       0.0165214941
1213 1212       0.0157171245
1213 1217      0.00586447737
1213 1210      0.00778683977
1213 1216      0.00606206002
1213 1215      0.00504752681
1213 1211      0.00984669008
1213 1272      0.00490360952
1213 1208      0.00498036084
1213 1223      0.00425992303
1213 1219       0.0062875721
1213 1206      0.00476510616
1213 1274      0.00816978315
1213 1209      0.00695639581
1213 1273      0.00684385374
1213 1218      0.00945833117
1213 1174      0.00540696486
1213 1173       0.0159261703
1213 1107      0.00417388511
1213 1106      0.00566249148
1213 1117      0.00566642551
1213 1110      0.00454154875
1213 1111      0.00579018992
1213 1105        0.009657282
1213 1114       0.0248103074
1213 1175      0.00650735084
1213 1104      0.00976076968
1213 1102      0.00448675551
1213 1103      0.00724655001
1213 1113        0.010732315
1213 1112      0.00591056696
1213 1115      0.00500147206
1214 1377      0.00456890543
1214 1374      0.00413075249
1214 1375       0.0042803334
1214 1306      0.00437461964
1214 1307      0.00454140194
1214 1309      0.00504882279
1214 1277      0.00539854972
1214 1271      0.00512752231
1214 1205      0.00424567868
1214 1203      0.00517487826
1214 1202      0.00678350606
1214 1204      0.00534290292
1214 1312      0.00704261584
1214 1221      0.00475244349
1214 1220      0.00412997633
1214 1278      0.00634940739
1214 1225      0.00740450026
1214 1224      0.00534230959
1214 1201      0.00793613094
1215 1409       0.0044365097
1215 1407      0.00439885804
1215 1288       0.0242583137
1215 1277      0.00793572433
1215 1276      0.00683611733
1215 1275      0.00667692453
1215 1271       0.0156576275
1215 1212      0.00654527081
1215 1205       0.0139166206
1215 1203      0.00883045142
1215 1202      0.00570322847
1215 1217       0.0275936683
1215 1210       0.0131416104
1215 1216       0.0195894735
1215 1204       0.0133092101
1215 1211       0.0100488221
1215 1213      0.00504752681
1215 1207      0.00583506077
1215 1222      0.00593957306
1215 1221      0.00540667178
1215 1220      0.00671479217
1215 1272      0.00653908259
1215 1208      0.00676609711
1215 1223      0.00767861667
1215 1219      0.00670639395
1215 1206       0.0124426554
1215 1274      0.00758008957
1215 1209       0.0101985503
1215 1273       0.0109256138
1215 1218       0.0069888582
1215 1114      0.00421792496
1215 1278      0.00637598798
1215 1225      0.00508399054
1215 1224      0.00560502006
1215 1175       0.0114283673
1215 1201      0.00592742952
1215 1104      0.00659464035
1215 1102      0.00763703484
1215 1103      0.00599398102
1215 1113      0.00429631443
1216 1288       0.0156880761
1216 1277      0.00569076151
1216 1276      0.00846669301
1216 1275      0.00780123992
1216 1271      0.00911140187
1216 1212      0.00750263063
1216 1205      0.00816052354
1216 1203      0.00612208431
1216 1202      0.00449627788
1216 1217       0.0173869356
1216 1210       0.0272507624
1216 1215       0.0195894735
1216 1204      0.00825438256
1216 1211       0.0157051617
1216 1213      0.00606206002
1216 1207      0.00474763766
1216 1222      0.00458403635
1216 1221      0.00424075362
1216 1220      0.00501080129
1216 1272      0.00557565996
1216 1208      0.00574424388
1216 1223      0.00592029317
1216 1219      0.00615560335
1216 1206      0.00833145879
1216 1274      0.00748565066
1216 1209      0.00924091195
1216 1273      0.00974772743
1216 1218      0.00721140564
1216 1173      0.00452943183
1216 1114      0.00496806323
1216 1278      0.00634535335
1216 1225      0.00499811761
1216 1224      0.00593705889
1216 1175       0.0271898053
1216 1201      0.00562492158
1216 1104      0.00974993185
1216 1102       0.0103394477
1216 1103      0.00863656565
1216 1113       0.0053834328
1216 1101      0.00431573115
1216 1112      0.00473776551
1217 1409      0.00471203798
1217 1407      0.00425079746
1217 1288        0.153617231
1217 1277      0.00689039615
1217 1276      0.00851257056
1217 1275      0.00848646442
1217 1271       0.0107707347
1217 1212      0.00833398222
1217 1205       0.0123764959
1217 1203      0.00759800417
1217 1202      0.00503758848
1217 1210       0.0158295187
1217 1216       0.0173869356
1217 1215       0.0275936683
1217 1204      0.00969174821
1217 1211       0.0126190827
1217 1213      0.00586447737
1217 1207      0.00652519915
1217 1222      0.00591471244
1217 1221      0.00506128308
1217 1220      0.00649441734
1217 1272      0.00806255885
1217 1208      0.00841935217
1217 1223      0.00896226836
1217 1219      0.00872841321
1217 1206       0.0157369724
1217 1274       0.0104509695
1217 1209       0.0160793058
1217 1273       0.0179547647
1217 1218         0.00933792
1217 1173      0.00430546428
1217 1114      0.00475216163
1217 1278      0.00521837559
1217 1225       0.0043078202
1217 1224      0.00474269019
1217 1175       0.0109233359
1217 1201      0.00488574862
1217 1104      0.00705574049
1217 1102      0.00657623519
1217 1103      0.00607431411
1217 1113      0.00460856303
1218 1409      0.00450375921
1218 1288      0.00969783973
1218 1277      0.00427034334
1218 1276       0.0147701107
1218 1275       0.0205343348
1218 1271      0.00509327767
1218 1212       0.0231612323
1218 1205      0.00598621057
1218 1203      0.00452640864
1218 1217         0.00933792
1218 1210       0.0090431174
1218 1216      0.00721140564
1218 1215       0.0069888582
1218 1204      0.00486825922
1218 1211       0.0106021234
1218 1213      0.00945833117
1218 1207      0.00625180504
1218 1222      0.00449835453
1218 1220      0.00457455185
1218 1272       0.0101824441
1218 1208       0.0105166742
1218 1223      0.00755864359
1218 1219       0.0185552215
1218 1206      0.00844072551
1218 1274       0.0547366598
1218 1209       0.0193231758
1218 1273       0.0174728811
1218 1173      0.00606628519
1218 1105      0.00483572479
1218 1114      0.00701528129
1218 1175      0.00654996693
1218 1104      0.00661421266
1218 1102      0.00435778201
1218 1103      0.00530435073
1218 1113       0.0052837525
1219 1409      0.00588275867
1219 1288      0.00920721922
1219 1277      0.00474312115
1219 1276      0.00829515183
1219 1275      0.00976046328
1219 1271      0.00530723763
1219 1212       0.0103020405
1219 1205      0.00675334566
1219 1203      0.00503494628
1219 1217      0.00872841321
1219 1210      0.00696136868
1219 1216      0.00615560335
1219 1215      0.00670639395
1219 1204      0.00512034836
1219 1211      0.00739609645
1219 1213       0.0062875721
1219 1207      0.00912366106
1219 1222      0.00549933431
1219 1221      0.00421505134
1219 1220      0.00546268177
1219 1272       0.0217586628
1219 1208       0.0227895935
1219 1223       0.0111862238
1219 1206       0.0105386622
1219 1274       0.0246003485
1219 1209       0.0184156939
1219 1273       0.0166038984
1219 1218       0.0185552215
1219 1173      0.00462110083
1219 1114      0.00514074336
1219 1175      0.00538891535
1219 1104      0.00502902619
1219 1103      0.00426633598
1219 1113      0.00411718885
1220 1473      0.00578683832
1220 1471      0.00451619035
1220 1405      0.00405407637
1220 1406       0.0044007037
1220 1376      0.00442735222
1220 1308      0.00463863653
1220 1409      0.00874398316
1220 1407       0.0122548325
1220 1374      0.00410704603
1220 1375      0.00446623279
1220 1307      0.00457712715
1220 1309       0.0070424346
1220 1288      0.00662335447
1220 1277       0.0163363282
1220 1271      0.00899580653
1220 1205       0.0129742614
1220 1203        0.016535236
1220 1202       0.0101476244
1220 1217      0.00649441734
1220 1210      0.00461596773
1220 1216      0.00501080129
1220 1215      0.00671479217
1220 1204      0.00951167813
1220 1211      0.00429949868
1220 1312      0.00633909137
1220 1207      0.00973639089
1220 1222       0.0385877751
1220 1221        0.018426576
1220 1272      0.00679461927
1220 1208      0.00686512102
1220 1223       0.0104831709
1220 1219      0.00546268177
1220 1206      0.00972242163
1220 1274      0.00498820756
1220 1209      0.00586971264
1220 1273      0.00598444252
1220 1218      0.00457455185
1220 1278      0.00407168149
1220 1214      0.00412997633
1220 1175      0.00423226104
1220 1201      0.00421153614
1221 1473      0.00546052335
1221 1471      0.00519878905
1221 1408      0.00409004316
1221 1405      0.00441412316
1221 1406      0.00535213125
1221 1304      0.00423873237
1221 1373      0.00448372843
1221 1303      0.00406260913
1221 1372      0.00428250946
1221 1388      0.00474952752
1221 1305      0.00508559553
1221 1376      0.00569919388
1221 1308       0.0060357055
1221 1409      0.00674608056
1221 1407       0.0203169485
1221 1377      0.00505594481
1221 1374      0.00524970152
1221 1371      0.00408811486
1221 1375      0.00584831567
1221 1306      0.00506166915
1221 1307      0.00606389282
1221 1309       0.0113361026
1221 1288       0.0051104022
1221 1277       0.0154966471
1221 1271      0.00753219191
1221 1205      0.00855804759
1221 1203       0.0134678392
1221 1202       0.0157118264
1221 1217      0.00506128308
1221 1216      0.00424075362
1221 1215      0.00540667178
1221 1204      0.00811585311
1221 1312      0.00941504375
1221 1207       0.0065448064
1221 1222        0.015570635
1221 1220        0.018426576
1221 1272      0.00497022715
1221 1208      0.00500460905
1221 1223      0.00668545027
