154
1101 0 .009687626979828 .011839652354418 .009700350534134 .006797352183431 .008347622032131 .009346267329826 .006107986819441 .007024540448416 .006807082838457 .006535548604649 .011916738281617 .009234644797094 .006938713564518 .010793129910735 .007648220837616 .007364448575642 .006861234493555 .00567387826492 .005200727672108 .006476554895294 .006275933224982 .009298121778251 .00764543337299 .004584326017127 .005128170786311 .006415231490751 .005659678440351 .005413568370878 .004329807633991 .004954618026463 .005809456312343 .007864933947935 .007607934783756 .006275950645353 .00718825482906 .005648779541917 .006873282677551 .008003562610755 .006544923355741 .005625638960334 .005006341569858 .004527515492827 .004274132145618 .004189464805568 .004695331884886 .009492409154714 .008140041827609 .006078544179029 .004630727242879 .005763213714293 .00547349623044 .006218793960255 .006642313014716 .005046324893648 .008562921564536 .003123375536773 .002664554384542 .002908607747547 .002879155093876 .003165832663784 .003305729421153 .003460088147355 .003336111449967 .003771171825664 .002635610198853 .002603315068491 .003990282028541 .003087260865243 .003041271240789 .003026698396841 .003251370688121 .003329046158708 .003219389266581 .003333476172414 .002765844144109 .002468284734038 .00226333797645 .002602641223867 .002870365296068 .003145940819085 .003673130311009 .003023331433107 .003644289469561 .002552558195328 .002994913233476 .003262014737299 .002425296802636 .002248577646522 .002099854407676 .00208951719936 .001972678566063 .001968612992141 .0021744000471 .0023312045121 .002394708010587 .002000777167073 .002440982091439 .001651020374827 .001561665563572 .001710768701359 .001771970912485 .001891028058827 .001865426337396 .001727829775036 .001621695741473 .001597829146854 .001654196374202 .001842543182382 .00175763913129 .002020354357132 .001676125870995 .001699073534682 .001754551023348 .001920730663838 .001755409823418 .001925815004244 .002038309290971 .001677838227545 .001843186547556 .002277215949038 .00205459240218 .001906060792767 .001932408425797 .001925857052101 .001548597618655 .001465703942993 .001385853250058 .001401667701334 .001457553755491 .001506669778118 .001552086329427 .00146852668944 .001423834309468 .001452216494075 .001510945131242 .001509470866583 .001514019675345 .001414662962381 .001433551177769 .001593997181847 .0013423164906 .001654764584298 .001521372638784 .001489411938045 .001309207558249 .001556509895024 .002253296339308 .001968436858584 .00141013220162 .001937372300949 .001726943401197 .002117840805048 .002013614521745
1102 .009687626979828 0 .018933885093752 .016737138486347 .007536659689577 .007208214307278 .00643036397813 .004512885223086 .00525634192798 .005732823347821 .006281462390113 .009777268803027 .010126295858184 .009166354999881 .007673060150995 .005234745955131 .00674225666515 .005361332467761 .004229695484518 .003997948088298 .00806988350259 .005930523085548 .043561080763391 .013380361365774 .007875206477134 .010450746639373 .01792304633557 .01353652811961 .012172422478697 .007805152012083 .009723286766828 .012859399039363 .026613343957611 .019343349815958 .012209643994731 .012227307148008 .008434266006392 .023646241573175 .038915264707124 .019196474465328 .010906942904979 .009310467411716 .008396879618348 .007389881241948 .007373521037768 .009040610072731 .015032344207419 .012575996420077 .015398895999938 .008447193463027 .012705623498385 .010559408450516 .011360262390799 .012283081996326 .010020145452726 .01545331775638 .003870055172302 .003389165990842 .003877229593626 .003885453932828 .004396530206882 .004586925754371 .00495071816936 .004827211557191 .005799670181193 .003402931255396 .003392891689256 .006121132590827 .004156180986612 .004117599187572 .004125575354392 .004531780538118 .004713663204575 .004548955160456 .004612537828737 .003732215205848 .003238311233472 .00292175191108 .003516004664782 .004050553692171 .004533457612822 .005785832750949 .004388842643475 .005839373299091 .003458610147595 .004270198871882 .00491792610341 .003032753582441 .002782359172279 .00257445172768 .002590530005729 .002428829213993 .002435142060312 .002747458185785 .002968829750835 .003037174967655 .002468957433505 .003043898245499 .001921434712826 .001825626097718 .0020096717762 .002079039653935 .002255731902233 .002250542498454 .00206275795792 .001871540507043 .001856505900688 .001943758587896 .002168431204623 .002082743546877 .002443642974318 .00198261685945 .002000211463864 .002046935296386 .002288616092563 .00203804803749 .002286160954608 .002421928126802 .001937262430365 .002154480187827 .002771517474486 .002465475482432 .002251447822625 .002279570814505 .002263464854845 .001772745541367 .001666085586104 .001570379726892 .001595645129361 .001667795917937 .001728137519049 .001789643552914 .00168981142054 .001616237408408 .001652437753647 .00174880692962 .001739446106143 .001723446881353 .001606474513382 .001634188622801 .001890371071574 .001546027449115 .001974108705601 .001785798482211 .001739366101906 .001502960049218 .001836838795026 .002931845896685 .002469906530418 .00164066579813 .002410076417451 .002091041032846 .002708864635101 .002540903293704
1103 .011839652354418 .018933885093752 0 .051919870375067 .011668875228093 .011628568399873 .009591089269598 .005883140852696 .007245787333288 .008217237505328 .009229910040294 .019941701041169 .020970602162329 .014442390225757 .012694053060797 .007119846754514 .01039064572191 .007471110492119 .005407840668711 .0050460283351 .0120678844525 .008508790681414 .026176824144016 .008148863982752 .005613906705785 .00697916381902 .009548159448773 .008576150948138 .008672434103958 .006237651295866 .007995907803827 .010725479565401 .01936245123511 .020022401681132 .013286868018164 .018023547539535 .005908895198933 .011937809342985 .017092544895275 .012143706736687 .010546241067603 .008451339785932 .006155788521006 .005485624242018 .005745781183061 .007074955475382 .00931717264621 .008069261056311 .008789595470857 .007286245507434 .010546671411918 .009982986635941 .013096796599692 .015131167082596 .006753729959023 .009064093306383 .003216962076365 .002879934225784 .003233868449808 .003251813092138 .003593255910643 .00370600557517 .003946431067847 .003895531428081 .004498162619406 .00289786047053 .002899782653473 .004650004496279 .003418590564401 .003398586901125 .003410022595789 .003677009941339 .003799920149568 .003704079516677 .003719547863318 .003160001724683 .002813949968212 .002592990474336 .003049332413662 .003469726669715 .003742107302818 .004582011848492 .00376843817074 .004806785375293 .003056629252188 .003592848284529 .004198278015738 .002621673164342 .002436426599072 .002279557719946 .002301967304566 .002180919575184 .002193421001963 .00243599974766 .002593043680618 .002634669162387 .002211768076503 .002628294240549 .0017509860964 .001678862204628 .001825419371481 .001879055349006 .002024010139996 .002028778517237 .001879394889256 .001707525693711 .001698632461032 .001774413010875 .001950266755218 .001887552314681 .002173904524767 .001809794524334 .001819432089669 .001851489608913 .002048552625202 .001842875735413 .002045017185083 .002149896752181 .001760566174403 .001937102851196 .002420879840339 .002186396245069 .00201627598601 .002037719926024 .002024149300975 .001624657932917 .00153491932108 .001454765634151 .001477601577254 .001538996644568 .00158913458656 .001641250553984 .001559892106944 .00149332651735 .001524044493157 .001610791345002 .001600589588183 .00158256150113 .001485428032315 .0015098168419 .001745527971551 .001447968659713 .001814611065655 .00165364269279 .001612076092236 .001410792903727 .001699057400182 .002642775501283 .002276339844507 .001590580299065 .002195330543862 .001999209673256 .002470540449828 .002332210177253
1104 .009700350534134 .016737138486347 .051919870375067 0 .013682870898247 .012060672508948 .00927285611549 .00581830200441 .007204089018704 .008468646865744 .010009970699332 .018443286469236 .024667969260617 .019105242951838 .012107697631086 .006925419204371 .011074817689096 .007518112727654 .005351181273003 .005021874366488 .014996885412692 .009139561250129 .025429533951242 .007488914035572 .005586907850088 .00706496844806 .00951506338541 .008859836829316 .009301778356859 .006634664660091 .008841105490846 .012376055927995 .022208926672792 .026542386300846 .01716778339157 .027563954201338 .005608466071241 .012272620808539 .017591108163456 .013195398244738 .012658498884421 .009664650572715 .006339611523692 .005572730092518 .005998822645079 .007593720756122 .008276182081158 .007331828086779 .008793475851732 .008069244425508 .012125771224413 .011811424942414 .017148297972793 .020892617296358 .006816426175588 .008186779603535 .00315224616112 .00286623363007 .003230724922325 .003263459185656 .003595674577848 .003689230604134 .003936252182256 .003917889965075 .004516564917118 .00289732121921 .002910390828715 .004622308120154 .003403436822549 .003393391138218 .003412695778969 .003671321806199 .003798628634947 .003717064860842 .00369699016748 .003186885916906 .00284852918878 .00263692208498 .003107493198007 .003557702134792 .003796886704836 .004673929410725 .003897307236933 .00501284874082 .003142120378514 .003665562083722 .004375751950035 .00261681226075 .002438438090697 .002286519537242 .002318621644677 .002202133423352 .002220071378619 .002462996578316 .002610899493663 .002642699502128 .002232432692695 .002620418321535 .001754162784176 .001689609843721 .001830502969036 .001880107510601 .002027414794713 .002041503245593 .001894242825545 .001707994148805 .001703686338211 .001782926536233 .00194904916648 .001895105739356 .002177458170722 .001821347090633 .001826449978187 .001850587828516 .002049498891094 .001839646080425 .00204361695054 .00214240134474 .001758596828728 .001932529632178 .002410759204016 .002183059517433 .002013405010609 .002032718908604 .002017735441758 .001624777439163 .001535538292446 .001457312575966 .001481585660856 .001542967823471 .001592033683822 .001644605165913 .001566224054674 .001495078391325 .001525668208234 .001618222676422 .001605688264752 .001581758707708 .001487735838529 .001513065433783 .00176560822816 .001462158527613 .001834930778625 .001670300877462 .00162685074306 .00142469528967 .001717690220323 .00271021695007 .002333547620497 .001631165909716 .002235116112955 .002060268677009 .002534462396571 .002390372022558
1105 .006797352183431 .007536659689577 .011668875228093 .013682870898247 0 .022235468146942 .011871069486754 .00769364839411 .010270355810725 .015403491266996 .029218274423516 .015690304150231 .024600011815219 .032483886799121 .014169737202946 .008800548203663 .027103437820558 .011529847165274 .006953246838583 .006588272838744 .045088818499752 .023148755972425 .008994920886258 .004840758643918 .004079557384397 .004882069331818 .005791719634709 .00573809698902 .006204371746379 .005106896717312 .006485975530086 .007957496917193 .00910022893395 .010461977131432 .011015211666015 .015797074208483 .00398057063895 .006792994514088 .007976789255756 .007371035712836 .009047980533333 .007455135921513 .004653586929664 .004175153646318 .004604144250441 .005613556917462 .005185579287905 .004784572587244 .005541582145717 .006315650297557 .007857160570091 .008602077135441 .011956424663266 .012863110300253 .004752777994639 .005128910334066 .002574396525141 .002413258535465 .002680274874268 .002721097897979 .002931192269424 .00297198281785 .003137128016788 .003161760703321 .003520929015605 .00245093863964 .00247530707184 .003540147868203 .002784370677201 .002788259138423 .002810309178433 .002971634155093 .003058644336464 .00302259521553 .00297152950478 .002691214992414 .002471722010083 .002343448177523 .00269578929355 .003046888188617 .003131700418426 .00370321212478 .003341278312105 .004082199157216 .00278554849361 .003081457706314 .003714120035493 .002242751606486 .002119656162261 .00201257007247 .002053735469363 .001974915046292 .002000487053402 .002181207024263 .002271994223574 .002279421180511 .001996677726507 .002241695414095 .001588308921493 .001550661334951 .001653216475753 .001686190556411 .001806657689046 .001834262408113 .001723252041866 .001546230883272 .001550652068706 .001621403168254 .001737638654349 .001709285181965 .001923641058973 .001658366422686 .001653487115091 .001659513042648 .001820120104349 .001647302628781 .001812015297467 .001880940040579 .001583641669321 .001719745124979 .002083021131276 .001917888461362 .00178615069068 .001798433871819 .001784779334069 .001477415836509 .001404304614492 .001342282355185 .001365337959478 .001416466434872 .001455136310518 .00149925089715 .001440353013739 .001372492508274 .001397804876439 .001485411528655 .001470481390336 .001440382755563 .001367345969911 .001390230701924 .001634190123343 .001373119765011 .001689467023359 .001549163556009 .001509248719471 .001341386970077 .001592290252178 .002457111454358 .002171469917802 .001617094020252 .002045559125635 .00201180485335 .002329737287006 .002213355007735
1106 .008347622032131 .007208214307278 .011628568399873 .012060672508948 .022235468146942 0 .025465389051502 .010853756507586 .017124104121508 .028007680391009 .029619041407583 .02445809110458 .023285937460669 .014898805387089 .033552892408605 .014161564197676 .061682553401029 .019714786077988 .009355240814808 .008496898653672 .015340974351599 .025287752931364 .008241559379726 .004830830836315 .003819298934299 .004457705476079 .005321528965431 .005123452394285 .005347798145703 .004412456968136 .005377264345468 .006457322340495 .007852781345504 .008571834646466 .00816125218061 .010858878012044 .003930400683872 .006084682806453 .007156149604904 .006362195643445 .006934614294506 .005908924674477 .004181422381771 .003819932506947 .0040728780414 .004806932632974 .005300039984879 .004845162537107 .005086345539472 .005185366881921 .006387204814994 .006656209925183 .008534778271255 .00919364322538 .004356417906671 .005159098890521 .002520140594539 .002316672205013 .002548146135285 .002569596559708 .002770000764366 .002825768381789 .002967859915367 .00295923145493 .003286829100448 .002336162466427 .002345908681711 .003343016544811 .002655042214637 .002648292501077 .002660168971729 .00281458541156 .002888787149716 .00284228763852 .002831011070887 .002525841292701 .00231509507678 .002184898444604 .002494634069997 .00278512694411 .002899689207228 .003386177460364 .003010726385837 .003621382006351 .002544418708739 .00283448424769 .003302631178671 .002150303637038 .002028582787322 .001923259827545 .001949378320799 .001870205323839 .001887132198009 .002055029465414 .002150260100515 .002168773226388 .001891202570649 .002152927243571 .001532019118674 .001486177111044 .001590356029431 .001626734055892 .001736179690019 .001749770888062 .001642992655259 .001496240319334 .001494002776906 .001555820770108 .001677908192046 .001639607037064 .001844958732644 .001586458518723 .00158798886625 .001604429449955 .001751973180456 .001596215059373 .001747520805689 .001819636939123 .001534804166355 .001665761008581 .002009773742706 .001848487095708 .001725381097271 .001739670738791 .001728862781122 .001431963130252 .001362258832808 .001300773218041 .001320533921706 .001368932608112 .001406987954158 .001447953994297 .001388170541737 .001330534028492 .001354660141684 .001429195755301 .00141836401254 .001398379157345 .001324856307928 .001345154502483 .001552264212199 .001313563309844 .001603969429537 .001476717709166 .001441594365619 .001283856257788 .001514727311184 .002260765766554 .002006906601823 .001509493220293 .001912277217881 .001851535366453 .00214616712728 .002044893785222
1107 .009346267329826 .00643036397813 .009591089269598 .00927285611549 .011871069486754 .025465389051502 0 .015125612274583 .027084016528573 .022558186900369 .015106137551278 .018401118928442 .013643913083711 .009553509344974 .03917294642388 .027354867486055 .019638165976593 .025804760757377 .01235902477333 .010535801222032 .009598879880485 .014815097427878 .007025798479762 .004631527144226 .003544329065272 .004041463141247 .004785123633163 .0045459966403 .004645809557114 .003884771876353 .004587859184179 .005376246394747 .006551326899844 .006907328351969 .006409276831691 .007960894071663 .003784227723608 .005330695336371 .00616080899465 .005447199007197 .005615096675705 .004915672247951 .003768798489551 .003494083701833 .003644152834274 .004193078550484 .005143382765695 .004700257436662 .004586484320236 .004417397406036 .005327290075668 .005430212922492 .006592196163168 .007020557080777 .003963801967697 .004952011704397 .002446552534773 .002219628320128 .002419940075475 .002428472876018 .002614663591882 .002677309425157 .002798464111627 .002770410754301 .003062083805651 .002226491717324 .002226594405578 .003136572410781 .00252451087127 .002511242811451 .002516275648363 .002659839636578 .002722791742577 .002672149602737 .00268594128622 .002378048486415 .002180262450041 .002053380615069 .002327599106751 .002572543526435 .002697194180823 .003110663019162 .002751760528149 .003261304942056 .002353943090032 .002627167810059 .002987747888691 .002060924920017 .001943364126547 .00184181128967 .001857528107551 .00178010520427 .001791232017692 .001946722796678 .002041919906655 .002066917087085 .001800104123495 .002065955273609 .001480735664785 .001430008259643 .001533547665156 .001571655623608 .001671453075597 .001675389225314 .001573550563766 .001449954068515 .001443068961615 .001497746299372 .001621728009694 .001577267867032 .001772397310854 .001523591889704 .001529415378811 .001552807968443 .001688533973808 .001547575637631 .001686700067547 .001759624190985 .001488755346735 .001613868153493 .001937150946922 .001782198814063 .001667592129538 .001683027978139 .001674448252438 .001389851739672 .001323532702439 .001263199414232 .001280361686445 .001326196036378 .001363298189907 .001401457307607 .001341909163635 .001292271503846 .00131523941825 .001379548270843 .001371719467916 .001359213853578 .001286282602431 .001304474357888 .001483485293076 .001263337157307 .001531909165687 .001415426347315 .001384036517186 .001235400792361 .001449445548001 .00210556722288 .00187783779897 .001426157833869 .001803753485015 .001729829375328 .002002039880367 .001912445328033
1108 .006107986819441 .004512885223086 .005883140852696 .00581830200441 .00769364839411 .010853756507586 .015125612274583 0 .029641211680268 .01525903343522 .010114762961508 .008344584481459 .00746139029056 .006348786456208 .010951858229034 .030188890609663 .010699112317976 .023122513376157 .066645762913081 .03425080090306 .006573131843334 .010721718484639 .004811869381977 .003558619829132 .002873076318958 .00319751135714 .003640617358841 .003512730187648 .003593466449801 .003137888602952 .003595808773268 .004050127939624 .004610454371406 .004815943742568 .004659581243453 .005428495490823 .003036004453924 .003957061247493 .00439511930655 .004040347220662 .004234267725097 .003830750138445 .003034323209653 .002847666904589 .002966097820215 .003333125063891 .003865092038879 .003608689116217 .003525114004667 .003511076525587 .004022375497537 .004129200665079 .004783849365123 .004978746725598 .003147652633878 .003746674657407 .002109320853507 .001935635129005 .00208696291508 .002094758967387 .002230767870967 .00227504865134 .00236241263442 .002345098368523 .002549858019572 .001941590678088 .001942943942238 .002598530746803 .002163678482231 .002154435305451 .002158754464509 .002262985374072 .002308748044025 .002273470925489 .002281086345291 .00205955715916 .001912725835748 .001819656629723 .002030246890673 .002217451208225 .002297591463078 .002592080637407 .002356966613209 .00271609890764 .002061259520264 .002251614892585 .002532182245838 .001814082936069 .001722907242552 .001643354737699 .001657960718898 .001598009243654 .001608983928185 .001731075849438 .001802526617255 .001820091506679 .001613697169784 .001817820841697 .001349470344364 .001309460609788 .001393524445305 .001424187640983 .001505979212454 .001511270859025 .001429287257339 .001323451806493 .001318550051296 .001364847108405 .001464933300379 .001430018729218 .001587403205923 .001387141013301 .001390569407031 .001408472328619 .001519481156859 .00140399555395 .001517750130365 .001576258487235 .001355465898057 .001458306287536 .00171723262262 .00159452534059 .001502141099969 .001514551435479 .001507563082148 .001273151889834 .00121733824734 .001166461377316 .001181406313327 .001220236760306 .001251283180428 .001283413236207 .001234157223624 .001191026453226 .001210476483109 .001266138627758 .00125887766338 .001247292572759 .001186046889959 .001201684533235 .001358254534496 .001171820024372 .001397901250689 .001300239653278 .001273129457253 .001148083532131 .001329466859952 .00187147601346 .001695992997126 .001342853389826 .00162583772151 .00159818108803 .001793199530201 .001722413722016
1109 .007024540448416 .00525634192798 .007245787333288 .007204089018704 .010270355810725 .017124104121508 .027084016528573 .029641211680268 0 .028627182592022 .014672792218497 .011364977224947 .009955615789275 .008056698048387 .016580539200692 .042653455216479 .016519875624642 .079526896464163 .020599519075085 .01656783419762 .008374749444048 .015581530044962 .005698822752991 .003960244472041 .003163698223562 .003570387555518 .004124761360353 .003973316469032 .004085345562467 .003509133732781 .004092242197712 .004690611587011 .005440608109873 .005741082693487 .005528255782394 .006645430058024 .003324359080422 .004545697098676 .005130682707683 .004667573588056 .004938814724047 .004397544743884 .003374641163079 .003142222565921 .003294283851926 .003754846643136 .004324047528926 .004006783337891 .003978264339525 .00398205981003 .004653445850856 .004796312065438 .005702326878697 .00598336069764 .003507330104326 .004191112079302 .00224661740552 .002061025021653 .002236399575127 .002247767566984 .002403454548407 .002451920747606 .002555201144578 .002539270747941 .002779893922124 .002070581152255 .002074091541538 .00283235298883 .002322732791745 .002313823482473 .002320106722146 .002439668711387 .002493697523769 .002454574375542 .002457967884471 .002209477191309 .002042980701607 .00193835426007 .002178874179055 .002396374107871 .002487272077594 .002836428700414 .002560565484126 .002989840653474 .002215293589294 .002435235672635 .00276868791656 .001925175947944 .00182414879308 .001736281364265 .001754218996949 .001688089984613 .001700841888198 .001837278225286 .001916370732259 .001934556132643 .001705467001053 .001928698611778 .001411280827128 .001369153373157 .001459912238829 .001492571535463 .00158319101126 .001590844445778 .001500859125335 .001382175227071 .00137798402812 .001429230236985 .00153677918159 .001500454381144 .00167335695326 .001454148120455 .001457086213899 .001474797123504 .001597521754219 .001469203924997 .001595011624154 .001658150197271 .00141642618114 .001528512249351 .001814860860768 .001679610821168 .001577364912119 .001590473092181 .00158231981699 .001327307021634 .001266899099095 .001212446219521 .001228940638143 .001270929690618 .001304317620678 .001339333081098 .001286531694622 .001238758028325 .001259758050624 .001321450809768 .001313084605119 .001298941503554 .001233528761052 .001250676310088 .00142340809792 .001220029954652 .001466930286555 .001359758259342 .001330065549238 .001194334640683 .001391810028512 .0019974320964 .001798072341854 .001399943050677 .001720187203078 .001683086483419 .001908160028543 .001828032668414
1110 .006807082838457 .005732823347821 .008217237505328 .008468646865744 .015403491266996 .028007680391009 .022558186900369 .01525903343522 .028627182592022 0 .029858921963842 .013307187102863 .012878688462212 .010660888021728 .01828784743888 .017849856669494 .033539526150502 .043801753223553 .01265663335943 .011491688705862 .011482838318176 .034099892422297 .006376361046846 .004127761778359 .003366226528172 .003860025791442 .004480707116362 .004356485704968 .004544927497608 .003877396321749 .00461608979404 .005362099220529 .006174005321655 .006647864086776 .006546106652955 .008127474556034 .003449843305967 .0050184017825 .005717043532517 .00522978439082 .005758304589637 .005050321000662 .003665139677638 .003377953200452 .003598435481093 .004172687350699 .004477498562402 .004145455932822 .00431439375496 .004503133963775 .005314395659904 .005568953702772 .006827706519004 .007186970349115 .003782744446969 .004367932932847 .002312287454692 .002141458073518 .002339485076816 .002359979832553 .002525885302049 .002569783425047 .002687624929707 .002684978680394 .002949847173515 .002160002777002 .002170434875181 .002990211160229 .00242777324022 .002423334306286 .002434398853144 .002561781687829 .002623654087948 .002587335426386 .002573556785599 .002326466387468 .002150746313617 .002044059923405 .002310356191333 .002560456574379 .002642833187132 .003040998354507 .002757917945403 .003253454578983 .002364944868183 .002594779087216 .003004722657237 .001999492699367 .001895040904614 .001804108983696 .00182986734598 .001762384112871 .001779621031263 .001925401547331 .002004488641212 .002017935780838 .001780524274654 .002001304671557 .001455362379779 .001416874082551 .001508365557266 .001539836216123 .001638046093666 .001653017049118 .001559105144401 .001422346051247 .00142168356056 .001478561635995 .001585055698716 .001553240570182 .001734379889041 .001507230377124 .001506876196183 .001519388225263 .001651469408572 .001511532541754 .001647000355561 .001709846447497 .001456564936322 .001573554381624 .001876563785249 .001736022265645 .001627022288196 .001639343498188 .001629501524933 .00136407594174 .001300833476938 .001245285129205 .001263849825687 .001307965169612 .001342204652779 .001379499735097 .001326345211517 .001272226224992 .001294197861905 .001363989663406 .001353275905413 .001333344488288 .001267217429847 .001286053323579 .001481124472524 .001262858018502 .001527229616395 .001411508770889 .001378828866118 .001235719263081 .001446745946603 .002121722563252 .001903383315496 .001471080710438 .001808972201763 .001784942586147 .002024603553889 .001935766850354
1111 .006535548604649 .006281462390113 .009229910040294 .010009970699332 .029218274423516 .029619041407583 .015106137551278 .010114762961508 .014672792218497 .029858921963842 0 .014048791130082 .016466282361569 .015421634914247 .015786540566666 .011394256413986 .056938364238405 .017762220185636 .008930761168958 .008421312766313 .017953287206297 .104116743828397 .007185396997096 .004327886190639 .003615936567896 .004219986504854 .004918983474033 .004838516035378 .005137120719012 .00434796356791 .00530850607038 .006266573840825 .007107648233453 .007851095761003 .00800903312991 .010349353538299 .003606430585363 .005608381597937 .006440723329406 .005952110051486 .006908668449852 .005941719288424 .004028693450228 .003670199143943 .003981170081808 .004711692374945 .00465533430266 .004311888822925 .004729465855271 .005194394074236 .006203483113671 .006645602863865 .00848702336967 .008956132146895 .004124429544374 .004575070261595 .002397309424274 .002240783671439 .002465926263388 .002496899497628 .002676055001215 .002715070835688 .002850634150534 .002863561394045 .003159023944354 .002269358699053 .002287517578719 .003184876068396 .002557261984249 .002557833104482 .002574425828437 .002711889897986 .002783326042869 .002749974124644 .002716267691531 .002468394209942 .002280106603277 .002169453382002 .002468288658045 .002759227004492 .002832677124177 .00329326991632 .002998602056039 .00358193658291 .002543870914185 .002788765454782 .003295783836732 .00209059624345 .001981217336138 .001885877879307 .001920173212043 .001850251609298 .001872355738645 .002030240389994 .00211048996789 .002119015549304 .001869465223997 .002090593654279 .001508207880462 .001472773204327 .001566286114274 .001596972104936 .001704181826068 .001726829122962 .001627539656584 .00147087094133 .001473703606872 .001536945582306 .001643791745621 .001616128282432 .001808137191604 .001569749401939 .001566114547922 .001573562780354 .001716849103804 .001563324328612 .001710311519856 .001773627154271 .001505481114075 .001628853632111 .001952791134036 .001805011895804 .001687692468109 .001699357814365 .001687664053039 .001408500320927 .001341691777299 .001284390936775 .001305192495328 .001351941839098 .001387455833912 .001427474207515 .001373265462681 .001312277571365 .001335468867449 .001414078910978 .00140092878165 .001375057909742 .001307420830779 .001328134748295 .001547710331794 .001311636966902 .001597135083461 .001471186295754 .001435121241682 .001282710624145 .001510064358732 .002268103275549 .002024997541732 .001547288375379 .001912300459272 .00189808750036 .002160492377459 .002060658889451
1112 .011916738281617 .009777268803027 .019941701041169 .018443286469236 .015690304150231 .02445809110458 .018401118928442 .008344584481459 .011364977224947 .013307187102863 .014048791130082 0 .034214218735618 .014745549333851 .034696546204589 .011014611274659 .018140274115141 .011830955349212 .007419099276763 .006754288938837 .01341716840047 .012691814134902 .011357308123452 .005976417219564 .004380809415495 .005178178108557 .006458109148481 .006036256951154 .006185329236943 .004882109362004 .006006218466387 .007450645076567 .01014543435083 .010899423571284 .009334680417198 .012810116390004 .004647431138918 .007504777891008 .009261475770205 .007716237313231 .007744851129676 .006477498150649 .00473641880768 .004313062134862 .004527705314396 .005381874073074 .006747507449144 .00602113753155 .006102923447382 .005673748415751 .007357748401 .007402147009503 .009582633958873 .010610479452843 .005050630188382 .006498405324771 .002788891751889 .002517550597976 .002782647872402 .002796508624863 .003044698993539 .003125863484982 .003294594594264 .003260544962177 .003671344315112 .002530184586296 .002532243105665 .003771477445907 .002919029461333 .002903781125599 .00291211193423 .003104608675903 .003191734355864 .003124500940378 .00313608920895 .002730966149897 .002472700886521 .002307776344829 .002660892002323 .002982784495683 .003159996786257 .003742225354113 .00321797519985 .003941771535656 .00268538784161 .003061624367805 .003539309786237 .002317244002741 .002171177495094 .002046086918467 .002066085599035 .00197028914317 .001982993526369 .00217641633386 .002296765186544 .002327594731121 .001994958955791 .002322689997912 .001609758154968 .001550409094509 .001672638962887 .001717245893327 .001837601042592 .001843207748414 .001720445831667 .001572849725808 .001565653729449 .001630444021399 .001776573870019 .001725016674792 .001960303610634 .001661086043739 .001667939399711 .001694229809397 .001857715878611 .001687210752336 .001854859137552 .001941396688981 .001617860321956 .001765974877565 .002159746613861 .001970531280121 .001831290266068 .001849196689452 .001838250852323 .001502272940262 .001425219695786 .0013559550781 .001375957670097 .001428991927853 .001471954595789 .001516589112535 .001447447059372 .001389323001189 .001415863390489 .001491354372605 .001482082740644 .001466247836255 .001382524254816 .001403718870635 .001611597294011 .00135486531701 .001669392730498 .001532043218349 .001495644756275 .001322591850681 .001571634769397 .002364224070614 .002074941711635 .001515261246964 .001993579100553 .001872046036608 .002230813778615 .002118933836687
1113 .009234644797094 .010126295858184 .020970602162329 .024667969260617 .024600011815219 .023285937460669 .013643913083711 .00746139029056 .009955615789275 .012878688462212 .016466282361569 .034214218735618 0 .025892944400948 .019871531534399 .009168385842018 .020065403625616 .01068584547759 .00671386447078 .006236114931101 .021523747025548 .014282538806904 .012552271955305 .005869616365601 .004556829774359 .005509201960589 .006868670515308 .006568156811556 .006927844221711 .005406785259295 .006898998188197 .008830230347728 .011840355360842 .01354511845356 .012085402648093 .019076762985875 .004617285231593 .00822141063218 .010277482708323 .008753145569907 .009539276647799 .007681275146458 .005095483731562 .004569403523015 .004923123327517 .006017941103914 .006464087831278 .005829879105675 .006487124341453 .006532204156691 .00869892198385 .009017863061255 .012709909317596 .014449274215226 .005354141237059 .006328857484454 .002800658469245 .002568205672876 .002858716057672 .002887681638537 .003141755048369 .003210101225158 .003396401959105 .003389367869929 .003824861115564 .002595038408791 .002608382225555 .00389365923738 .002991503746221 .00298498813096 .0030013596145 .003197877795672 .003294744918107 .003236283793742 .003215526505747 .002833137666913 .002569513018087 .002406433234777 .002789177088169 .003154571770817 .00331150309804 .003961352114101 .003438707327786 .004266758381545 .002840734440149 .003223671990906 .003819438695148 .002366971873864 .002221437936096 .002096288615117 .002127275183878 .002032472335687 .002051269055847 .002252692113756 .002368978067978 .002391214846356 .002057513640724 .002369485802665 .001639810665491 .001587053951282 .001706909007038 .001748512001813 .001875826051762 .001891751942276 .001766989978066 .001598612183113 .001596425023572 .001667136452922 .001807389950242 .001763796643751 .002003393778679 .001702105326158 .001704203874798 .001722470966981 .001893974299824 .001712524291581 .001888391645977 .001971480501083 .001642266593422 .001792566852546 .002196391614253 .002006472088002 .001862269808316 .00187844256851 .001865456269134 .001525416551144 .001446650807064 .001377699681972 .001399922849138 .001454432852728 .001497412447603 .001543912747006 .001476112722272 .001411060658839 .001438204223364 .001522540912465 .001510359742051 .001487212966585 .001404722602852 .001427606859928 .001660201737576 .001389688200937 .001720088036154 .001574560172157 .001535051293823 .001356245842605 .001617463582753 .002488317030439 .002177536218205 .001581588003558 .002075628532607 .001971053095101 .002346077608888 .002224141186241
1114 .006938713564518 .009166354999881 .014442390225757 .019105242951838 .032483886799121 .014898805387089 .009553509344974 .006348786456208 .008056698048387 .010660888021728 .015421634914247 .014745549333851 .025892944400948 0 .01172216505735 .007260583176366 .015549678118847 .008733965507828 .005820397331402 .005531777801493 .067399656669727 .013521334141453 .01155912402055 .005440131284722 .004633631509291 .005712759075362 .006931051281007 .00692764135585 .007660861462124 .006054495023973 .00809174307168 .010539035802018 .012199916183287 .014975353022199 .016659782816794 .030192927035997 .004413410794502 .00843443808998 .010183911788112 .009441139341245 .012482484534401 .00959532808893 .005426069245706 .004781948793866 .005364354515059 .006784261206095 .005788933966625 .005326476108179 .006591563516189 .007793211910464 .010363918975075 .011636353553262 .01885171080266 .021291833424205 .005534918162694 .005772966387016 .00276953390339 .002600325018168 .002915817424945 .002967077481099 .003215710611421 .003259984590121 .003461243799012 .0034982052065 .003939251767031 .002647418443133 .002677858079782 .003951924667096 .003036128460721 .003043294922361 .003071305365461 .003262406406128 .003368326217738 .003327823818349 .003257835656407 .002933686730887 .002675220964382 .002523746441555 .002938427679201 .00335951882935 .003465503917865 .004178689333194 .00371654679997 .004663955530608 .003038593377143 .003404093339671 .004181425501037 .002405549425315 .002265999590559 .002144923009239 .00219233914779 .002102490403804 .002130860426025 .002337976073776 .002442676818291 .002450228633943 .002127274362507 .002403591754504 .001669690842395 .00162825562996 .001741699620867 .001777802507352 .001912470097085 .001944034569885 .001819565419235 .001622932124048 .001628310474534 .001706585805984 .001834628620536 .001804163308098 .002043911199853 .001747518307879 .001742121687052 .001747854770074 .001927166730781 .001733830989422 .001917654284515 .001993518031964 .001663716187309 .001813955552371 .002221442953048 .002036140808278 .001888414561114 .001901646070941 .001886014461479 .00154727207423 .001467380930707 .001400039699053 .001425218096961 .001480998239681 .001523219633624 .001571638294473 .00150718118666 .001432842046322 .001460421272204 .001556581552934 .001540178251831 .001506561057868 .001427293187598 .001452311219756 .00171906218899 .001432187707188 .001780784483396 .001625521682892 .001581859074597 .001397514482648 .001672825744631 .002648849967683 .002314180127085 .001675528865909 .002178455035172 .002112265761181 .002498003030009 .002363338768554
1115 .010793129910735 .007673060150995 .012694053060797 .012107697631086 .014169737202946 .033552892408605 .03917294642388 .010951858229034 .016580539200692 .01828784743888 .015786540566666 .034696546204589 .019871531534399 .01172216505735 0 .016133092341926 .021826981497177 .017055743064029 .00941586060012 .008346342806967 .011411207753645 .014675066230946 .008560670629865 .005193397910671 .003894585845322 .004506327086286 .005449354927055 .005142024456521 .005260723432916 .004297312011776 .005162448975361 .006189069975793 .007858663177317 .008347560113587 .007536925516129 .009746027442092 .004153339292014 .006170288400859 .007310522766865 .006319757349052 .006460256688448 .005550508748599 .004168520192512 .003836206358596 .004011601759109 .004678868169715 .005815913743208 .00525906600777 .005193539979591 .004933471008941 .006124424456914 .006217428757844 .007755456997584 .008381960338565 .004409846792629 .00559416844009 .002598100761243 .002350817483917 .002578178096688 .002588688550359 .002800841526568 .002871515844304 .003012107283826 .002981080586974 .003321295564949 .002359836495169 .002360575687388 .003406868935915 .002696282588022 .002681981474421 .002688243313357 .002852259258027 .002925102147735 .002867390267293 .002880933392486 .002531739187756 .00230840034135 .002165336108482 .002472904608559 .002749976251117 .002896334140931 .003378285079443 .002952509360491 .003548918796226 .002498623704632 .002814569425251 .003223660574035 .002174220706867 .002044311654819 .001932535658675 .001949970927789 .001864572964618 .001876352376968 .002048167975072 .002154209502305 .002181830878864 .001886595484346 .002179496222517 .001538745031118 .001484115063161 .001595945875824 .001636974480934 .001745704793577 .001750231099279 .001639244260632 .001505318614233 .001498213233027 .001557287894379 .001691141077459 .001643419909188 .00185609921156 .001585201633557 .001591534727716 .001616341023514 .001764153129359 .001610377502438 .001761922247088 .001840904474542 .001546904850266 .001682160879171 .002036123320249 .001866224287236 .001740903586524 .001757465204884 .001747889496301 .001440602703916 .001369523446409 .001305189384988 .001323588846478 .001372616609335 .001412331334235 .001453343599523 .001389507807436 .001336184066228 .001360739186512 .001429903308551 .001421470567091 .001407602401773 .001329825348166 .001349332902293 .00154092168791 .001304655791698 .001593451656754 .001467822370444 .001434234641018 .001274795332363 .001504285421763 .002219463976214 .001965410960606 .001466665447169 .001888042127877 .001793906057216 .002103216080106 .002004045696902
